4046159
4046161
4046163
4046165
4046166
4046168
4046169
4046170
4046174
4046175
4046176
4046181
4046183
4046185
4046186
4046187
4046188
4046192
4046193
4046197
4046199
4046200
4046203
4046205
4046207
4046208
4046212
4046214
4046215
4046216
4046218
4046220
4046222
4046228
4046229
4046230
4046231
4046234
4046236
4046237
4046238
4046244
4046246
4046251
4046254
4046257
4046260
4046262
4046263
4046264
4046266
4046267
4046268
4046270
4046272
4046273
4046277
4046281
4046283
4046285
4046288
4046290
4046295
4046302
4046311
4046312
4046315
4046317
4046321
4046324
4046326
4046329
4046331
4046332
4046333
4046335
4046337
4046339
4046340
4046345
4046346
4046347
4046349
4046351
4046352
4046353
4046354
4046356
4046357
4046358
4046359
4046360
4046363
4046364
4046367
4046370
4046371
4046373
4046376
4046382
4046384
4046388
4046391
4046393
4046396
4046397
4046400
4046402
4046410
4046412
4046416
4046417
4046421
4046422
4046424
4046429
4046431
4046432
4046433
4046436
4046437
4046438
4046441
4046442
4046443
4046444
4046445
4046446
4046447
4046448
4046449
4046451
4046452
4046455
4046457
4046458
4046461
4046463
4046465
4046466
4046468
4046471
4046472
4046473
4046474
4046475
4046476
4046479
4046480
4046482
4046484
4046485
4046486
4046488
4046489
4046490
4046491
4046492
4046493
4046496
4046497
4046498
4046502
4046504
4046505
4046506
4046507
4046508
4046509
4046512
4046516
4046517
4046519
4046521
4046522
4046525
4046526
4046527
4046528
4046529
4046530
4046533
4046534
4046536
4046539
4046541
4046542
4046544
4046546
4046549
4046550
4046551
4046553
4046554
4046559
4046560
4046563
4046564
4046569
4046570
4046571
4046573
4046576
4046577
4046580
4046583
4046586
4046588
4046589
4046591
4046593
